cn-50
nPSNR 

PSNR_000: 24.244160253738524
PSNR_011: 21.924182229728903
PSNR_015: 22.201797969855484
PSNR_020: 24.35789442959914
PSNR_TOTAL: 23.18200872073051


 SSIM 

SSIM_000: 0.7167231636685589
SSIM_011: 0.6252435005022738
SSIM_015: 0.6121846241396447
SSIM_020: 0.6551362250848445
SSIM_TOTAL: 0.6523218783488305



 LPIPS 

LPIPS_000: 0.18250915452837943
LPIPS_011: 0.1950800058245659
LPIPS_015: 0.17680107966065406
LPIPS_020: 0.2050756585597992
LPIPS_TOTAL: 0.18986647464334966



 DISTS 

DISTS_000: 0.15614323161542415
DISTS_011: 0.15644010320305823
DISTS_015: 0.15341804981231688
DISTS_020: 0.17349362567067148
DISTS_TOTAL: 0.15987375257536768

