cn-200
nPSNR 

PSNR_000: 23.721628051657916
PSNR_011: 21.431726195685044
PSNR_015: 21.83725017655212
PSNR_020: 23.68258596489894
PSNR_TOTAL: 22.668297597198503


 SSIM 

SSIM_000: 0.6932582854294447
SSIM_011: 0.6064230277657532
SSIM_015: 0.5970982557376369
SSIM_020: 0.6260905194604576
SSIM_TOTAL: 0.630717522098323



 LPIPS 

LPIPS_000: 0.17411413192749023
LPIPS_011: 0.1797718733549118
LPIPS_015: 0.16637228086590766
LPIPS_020: 0.1947713476419449
LPIPS_TOTAL: 0.17875740844756363



 DISTS 

DISTS_000: 0.1481234971433878
DISTS_011: 0.14484575040638448
DISTS_015: 0.14434556752443314
DISTS_020: 0.16254451856017113
DISTS_TOTAL: 0.14996483340859415

