cn-100
nPSNR 

PSNR_000: 24.01427163164583
PSNR_011: 21.60619945242255
PSNR_015: 21.94744423286696
PSNR_020: 23.93636809103818
PSNR_TOTAL: 22.87607085199338


 SSIM 

SSIM_000: 0.7053840509878355
SSIM_011: 0.6138560649229189
SSIM_015: 0.6018533678099766
SSIM_020: 0.6374060840979157
SSIM_TOTAL: 0.6396248919546617



 LPIPS 

LPIPS_000: 0.17795487701892854
LPIPS_011: 0.18877743691205978
LPIPS_015: 0.16835743486881255
LPIPS_020: 0.19407358080148696
LPIPS_TOTAL: 0.18229083240032196



 DISTS 

DISTS_000: 0.15166066452860832
DISTS_011: 0.15153448760509491
DISTS_015: 0.14644081674516202
DISTS_020: 0.16169908314943313
DISTS_TOTAL: 0.1528337630070746

