sd-4x
nPSNR 

PSNR_000: 22.52778891563471
PSNR_011: 20.991657932890448
PSNR_015: 20.885886080934227
PSNR_020: 22.98902323229765
PSNR_TOTAL: 21.848589040439258


 SSIM 

SSIM_000: 0.6227710701823529
SSIM_011: 0.551428324883465
SSIM_015: 0.5409754468584863
SSIM_020: 0.5697993594739796
SSIM_TOTAL: 0.571243550349571



 LPIPS 

LPIPS_000: 0.27011801540851593
LPIPS_011: 0.27404312655329705
LPIPS_015: 0.28286048099398614
LPIPS_020: 0.2891956388950348
LPIPS_TOTAL: 0.2790543154627085



 DISTS 

DISTS_000: 0.23292871475219726
DISTS_011: 0.2346747499704361
DISTS_015: 0.25108657136559487
DISTS_020: 0.25152521654963494
DISTS_TOTAL: 0.24255381315946578

