hr
nPSNR 

PSNR_000: 361.20199909921945
PSNR_011: 361.20199909921945
PSNR_015: 361.20199909921945
PSNR_020: 361.20199909921945
PSNR_TOTAL: 361.20199909921945


 SSIM 

SSIM_000: 1.0
SSIM_011: 1.0
SSIM_015: 1.0
SSIM_020: 1.0
SSIM_TOTAL: 1.0



 LPIPS 

LPIPS_000: 0.0
LPIPS_011: 0.0
LPIPS_015: 0.0
LPIPS_020: 0.0
LPIPS_TOTAL: 0.0



 DISTS 

DISTS_000: 0.0
DISTS_011: 0.0
DISTS_015: 0.0
DISTS_020: 0.0
DISTS_TOTAL: 0.0

